<?xml version="1.0" encoding="UTF-8" standalone="no"?>
<!DOCTYPE svg PUBLIC "-//W3C//DTD SVG 1.0//EN" "http://www.w3.org/TR/2001/REC-SVG-20010904/DTD/svg10.dtd">
<!-- Created with Inkscape (http://www.inkscape.org/) by Marsupilami -->
<svg
   xmlns:svg="http://www.w3.org/2000/svg"
   xmlns="http://www.w3.org/2000/svg"
   version="1.0"
   width="1024"
   height="223"
   viewBox="-1.04315553 -1.04315553 168.95994106 36.85816206"
   id="svg3412">
  <defs
     id="defs3414" />
  <path
     d="M 42.28515,33.25195 C 43.74511,34.16016 45.0537,34.56055 46.56738,34.56055 C 50.69824,34.56055 53.5205,31.38672 53.5205,26.80176 C 53.5205,19.75097 46.26464,12.49511 46.26464,7.15332 C 46.26464,4.98535 47.42186,3.93066 49.53613,3.93066 C 50.54686,3.93066 51.25,4.2334 52.56347,4.98535 C 52.56347,4.98535 52.56347,0.9082 52.56347,0.9082 C 51.15234,0.24902 50.1416,0 48.93554,0 C 44.90234,0 42.08008,3.17382 42.08008,7.70996 C 42.08008,14.60937 49.33593,22.16797 49.33593,27.3584 C 49.33593,29.16992 47.87598,30.62988 46.05956,30.62988 C 44.80468,30.62988 43.4912,29.92676 42.28515,28.76953 C 42.28515,28.76953 42.28515,33.25195 42.28515,33.25195 C 42.28515,33.25195 42.28515,33.25195 42.28515,33.25195 z"
     id="path2609"
     style="fill:#000000;fill-opacity:1;fill-rule:nonzero;stroke:none" />
  <path
     d="M 57.14842,22.97363 C 57.14842,30.2295 59.81932,34.71191 64.15039,34.71191 C 68.48632,34.71191 71.15722,30.2295 71.15722,22.97363 C 71.15722,15.66895 68.48632,11.18652 64.15039,11.18652 C 59.81932,11.18652 57.14842,15.66895 57.14842,22.97363 C 57.14842,22.97363 57.14842,22.97363 57.14842,22.97363 z M 61.18164,22.97363 C 61.18164,17.7832 62.1875,14.91211 64.10156,14.91211 C 66.11816,14.91211 67.12401,17.68555 67.12401,22.97363 C 67.12401,28.11035 66.11816,30.98632 64.2041,30.98632 C 62.1875,30.98632 61.18164,28.21288 61.18164,22.97363 C 61.18164,22.97363 61.18164,22.97363 61.18164,22.97363 z"
     id="path2611"
     style="fill:#000000;fill-opacity:1;fill-rule:nonzero;stroke:none" />
  <path
     d="M 75.96191,34.10645 L 79.88769,34.10645 C 79.88769,34.10645 79.88769,17.58301 79.88769,17.58301 C 80.79589,15.82031 81.75292,14.91211 82.96386,14.91211 C 84.57518,14.91211 85.07811,16.2207 85.07811,18.13476 C 85.07811,18.13476 85.07811,34.10645 85.07811,34.10645 L 89.00878,34.10645 C 89.00878,34.10645 89.00878,18.03711 89.00878,18.03711 C 89.00878,13.60351 86.84081,11.43555 84.12108,11.43555 C 82.35839,11.43555 81.20116,12.24121 79.99022,14.20899 C 79.99022,14.20899 79.88769,14.20899 79.88769,14.20899 L 79.88769,11.78711 L 75.96191,11.78711 L 75.96191,34.10645 L 75.96191,34.10645 z"
     id="path2613"
     style="fill:#000000;fill-opacity:1;fill-rule:nonzero;stroke:none" />
  <path
     d="M 93.65233,22.97363 C 93.65233,30.2295 96.31835,34.71191 100.65428,34.71191 C 104.98535,34.71191 107.65625,30.2295 107.65625,22.97363 C 107.65625,15.66895 104.98535,11.18652 100.65428,11.18652 C 96.31835,11.18652 93.65233,15.66895 93.65233,22.97363 C 93.65233,22.97363 93.65233,22.97363 93.65233,22.97363 z M 97.68066,22.97363 C 97.68066,17.7832 98.68651,14.91211 100.60057,14.91211 C 102.61717,14.91211 103.62792,17.68555 103.62792,22.97363 C 103.62792,28.11035 102.61717,30.98632 100.70312,30.98632 C 98.68651,30.98632 97.68066,28.21288 97.68066,22.97363 C 97.68066,22.97363 97.68066,22.97363 97.68066,22.97363 z"
     id="path2615"
     style="fill:#000000;fill-opacity:1;fill-rule:nonzero;stroke:none" />
  <path
     d="M 111.60155,33.25195 C 113.0664,34.16016 114.375,34.56055 115.88866,34.56055 C 120.01952,34.56055 122.84178,31.38672 122.84178,26.80176 C 122.84178,19.75097 115.58592,12.49511 115.58592,7.15332 C 115.58592,4.98535 116.74316,3.93066 118.85741,3.93066 C 119.86816,3.93066 120.57128,4.2334 121.88476,4.98535 C 121.88476,4.98535 121.88476,0.9082 121.88476,0.9082 C 120.47362,0.24902 119.46288,0 118.25682,0 C 114.22362,0 111.40136,3.17382 111.40136,7.70996 C 111.40136,14.60937 118.65722,22.16797 118.65722,27.3584 C 118.65722,29.16992 117.19726,30.62988 115.38084,30.62988 C 114.12597,30.62988 112.8125,29.92676 111.60155,28.76953 C 111.60155,28.76953 111.60155,33.25195 111.60155,33.25195 C 111.60155,33.25195 111.60155,33.25195 111.60155,33.25195 z"
     id="path2617"
     style="fill:#000000;fill-opacity:1;fill-rule:nonzero;stroke:none" />
  <path
     d="M 127.32909,34.10645 L 131.25487,34.10645 L 131.25487,11.78711 L 127.32909,11.78711 L 127.32909,34.10645 L 127.32909,34.10645 z M 127.02636,2.26562 C 127.02636,3.52539 128.03222,4.53125 129.29198,4.53125 C 130.55174,4.53125 131.55761,3.52539 131.55761,2.26562 C 131.55761,1.00586 130.55174,0 129.29198,0 C 128.03222,0 127.02636,1.00586 127.02636,2.26562 C 127.02636,2.26562 127.02636,2.26562 127.02636,2.26562 z"
     id="path2619"
     style="fill:#000000;fill-opacity:1;fill-rule:nonzero;stroke:none" />
  <path
     d="M 145.37108,30.38086 C 144.46288,30.78125 143.91112,30.98632 143.25682,30.98632 C 141.99706,30.98632 141.69432,30.12695 141.69432,27.96386 C 141.69432,27.96386 141.69432,15.21485 141.69432,15.21485 L 145.37108,15.21485 L 145.37108,11.78711 L 141.69432,11.78711 L 141.69432,6.04492 C 141.69432,6.04492 141.34276,6.04492 141.34276,6.04492 C 139.37499,9.21875 137.50976,12.04101 135.19529,14.86329 C 135.19529,14.86329 135.19529,15.21485 135.19529,15.21485 L 137.76366,15.21485 C 137.76366,15.21485 137.76366,29.72656 137.76366,29.72656 C 137.76366,33.3545 139.32616,34.71191 141.89452,34.71191 C 142.95409,34.71191 143.80858,34.51172 145.37108,33.85742 C 145.37108,33.85742 145.37108,30.38086 145.37108,30.38086 C 145.37108,30.38086 145.37108,30.38086 145.37108,30.38086 z"
     id="path2621"
     style="fill:#000000;fill-opacity:1;fill-rule:nonzero;stroke:none" />
  <path
     d="M 160.03904,28.86718 C 158.93065,30.32715 157.67088,31.08398 156.21092,31.08398 C 153.58885,31.08398 152.22654,28.51562 152.22654,23.82812 C 152.22654,23.82812 160.48827,23.82812 160.48827,23.82812 C 160.54198,18.4375 159.78514,15.61524 159.17967,14.51172 C 158.22264,12.74414 156.91404,11.18652 154.49705,11.18652 C 150.56639,11.18652 148.30077,15.56641 148.30077,22.9248 C 148.30077,30.73242 151.02049,34.71191 155.45409,34.71191 C 157.11424,34.71191 158.57909,34.10645 160.03904,32.74902 C 160.03904,32.74902 160.03904,28.86718 160.03904,28.86718 C 160.03904,28.86718 160.03904,28.86718 160.03904,28.86718 z M 152.17772,20.9082 C 152.17772,16.6748 152.83202,14.60937 154.29198,14.60937 C 155.85448,14.60937 156.56249,16.62597 156.56249,20.9082 C 156.56249,20.9082 152.17772,20.9082 152.17772,20.9082 C 152.17772,20.9082 152.17772,20.9082 152.17772,20.9082 z"
     id="path2623"
     style="fill:#000000;fill-opacity:1;fill-rule:nonzero;stroke:none" />
  <path
     d="M 34.35546,34.35058 L 0,34.35058 L 0,0 L 34.35546,0 L 34.35546,34.35058 z"
     id="path2625"
     style="fill:#385499;fill-opacity:1;fill-rule:nonzero;stroke:none" />
  <path
     d="M 27.65624,1.15722 C 7.99317,7.58301 0.68848,17.0459 3.10547,19.46288 C 5.94727,22.30468 14.1748,18.46191 14.1748,18.46191 C 14.1748,18.46191 7.52929,20.26855 6.29883,18.11524 C 5.04883,15.92774 9.375,9.58007 27.65624,1.15722 z"
     id="path2627"
     style="fill:#ffffff;fill-opacity:1;fill-rule:nonzero;stroke:none" />
  <path
     d="M 22.29004,16.98242 C 22.29004,17.76855 21.65039,18.40332 20.86914,18.40332 C 20.083,18.40332 19.44824,17.76855 19.44824,16.98242 C 19.44824,16.20117 20.083,15.56152 20.86914,15.56152 C 21.65039,15.56152 22.29004,16.20117 22.29004,16.98242 z"
     id="path2629"
     style="fill:#519982;fill-opacity:1;fill-rule:nonzero;stroke:none" />
  <path
     d="M 11.90429,15.09277 C 16.4453,11.94825 28.36914,7.48535 31.47949,12.57325 C 36.43066,20.66406 10.13183,34.35058 10.13183,34.35058 C 10.13183,34.35058 5.31738,34.35058 5.31738,34.35058 C 5.31738,34.35058 29.34081,20.76172 26.72363,14.90722 C 24.9707,10.9961 19.63867,12.91504 11.90429,15.09277 z"
     id="path2631"
     style="fill:#ffffff;fill-opacity:1;fill-rule:nonzero;stroke:none" />
  <path
     d="M 164.02205,32.62341 L 164.31503,32.62341 C 164.66659,32.62341 164.82284,32.7406 164.88143,33.03356 C 164.95955,33.3656 165.01815,33.58043 165.09628,33.6781 L 165.58455,33.6781 C 165.52597,33.58043 165.46737,33.44372 165.38924,33.0531 C 165.31112,32.7406 165.19393,32.54528 164.97909,32.44762 L 164.97909,32.40856 C 165.23299,32.33043 165.46737,32.13512 165.46737,31.82262 C 165.46737,31.58825 165.35018,31.39293 165.19393,31.29528 C 165.05722,31.1781 164.84237,31.09997 164.43222,31.09997 C 164.08065,31.09997 163.80722,31.1195 163.5533,31.1781 L 163.5533,33.6781 L 164.02205,33.6781 L 164.02205,32.62341 z M 164.02205,31.4906 C 164.10018,31.47106 164.19784,31.45153 164.37362,31.45153 C 164.8033,31.45153 164.97909,31.62731 164.97909,31.88122 C 164.97909,32.15466 164.66659,32.27185 164.33455,32.27185 L 164.02205,32.27185 L 164.02205,31.4906 z M 164.45174,29.96716 C 163.08455,29.96716 162.01034,31.02185 162.01034,32.34997 C 162.01034,33.71716 163.08455,34.77185 164.45174,34.77185 C 165.81893,34.77185 166.87362,33.71716 166.87362,32.34997 C 166.87362,31.02185 165.81893,29.96716 164.47128,29.96716 L 164.45174,29.96716 z M 164.45174,30.39685 C 165.52597,30.39685 166.34628,31.27575 166.34628,32.3695 C 166.34628,33.46325 165.52597,34.34216 164.47128,34.34216 C 163.35799,34.34216 162.53768,33.46325 162.53768,32.34997 C 162.53768,31.27575 163.35799,30.39685 164.43222,30.39685 L 164.45174,30.39685 z"
     id="path3169"
     style="fill:#000000;fill-opacity:1;stroke:none" />
  <path
     d="M 37.57179,32.14536 L 37.86475,32.14536 C 38.21631,32.14536 38.37256,32.26255 38.43116,32.55551 C 38.50929,32.88755 38.56788,33.10238 38.646,33.20005 L 39.13429,33.20005 C 39.07569,33.10238 39.0171,32.96567 38.93898,32.57505 C 38.86085,32.26255 38.74366,32.06723 38.52881,31.96957 L 38.52881,31.93051 C 38.78273,31.85238 39.0171,31.65707 39.0171,31.34457 C 39.0171,31.1102 38.89991,30.91488 38.74366,30.81723 C 38.60694,30.70005 38.3921,30.62192 37.98194,30.62192 C 37.63038,30.62192 37.35694,30.64145 37.10304,30.70005 L 37.10304,33.20005 L 37.57179,33.20005 L 37.57179,32.14536 z M 37.57179,31.01255 C 37.64991,30.99301 37.74756,30.97348 37.92335,30.97348 C 38.35304,30.97348 38.52881,31.14926 38.52881,31.40317 C 38.52881,31.67661 38.21631,31.7938 37.88429,31.7938 L 37.57179,31.7938 L 37.57179,31.01255 z M 38.00148,29.48911 C 36.63429,29.48911 35.56006,30.5438 35.56006,31.87192 C 35.56006,33.23911 36.63429,34.2938 38.00148,34.2938 C 39.36866,34.2938 40.42335,33.23911 40.42335,31.87192 C 40.42335,30.5438 39.36866,29.48911 38.021,29.48911 L 38.00148,29.48911 z M 38.00148,29.9188 C 39.07569,29.9188 39.896,30.7977 39.896,31.89145 C 39.896,32.9852 39.07569,33.86411 38.021,33.86411 C 36.90773,33.86411 36.08741,32.9852 36.08741,31.87192 C 36.08741,30.7977 36.90773,29.9188 37.98194,29.9188 L 38.00148,29.9188 z"
     id="path3364"
     style="fill:#000000;fill-opacity:1;stroke:none" />
</svg>
<!-- version: 20090314, original size: 166.87363 34.771851, border: 3% -->
